# ani_id	sprite1_id	frames1	sprite2_id	frames2	...
3201	3101	100	3102	100	3103	100	
3202	3104	4000 	3104	100
3303	3105	10000	3105 	100
3206	3106	1000

3210	3110	10000	
3211	3111	10000	
3212	3112	10000	
3213	3113	10000	
3214	3114	10000	
3215	3115	10000	
3216	3116	10000	
3217	3117	10000	
3218	3118	10000	
3219	3119	10000	
3220	3120	10000	
3221	3121	10000	
3222	3122	10000	
3223	3123	10000	
3224	3124	10000	
3225	3125	10000	
3226	3126	10000	
3227	3127	10000	
3228	3128	10000	
3229	3129	10000	
3230	3130	10000	
3231	3131	10000	
3232	3132	10000	
3233	3133	10000	
3234	3134	10000	
3235	3135	10000	
3236	3136	10000	
3237	3137	10000
3238	3138	10000
3239	3139	10000
3240	3140	10000
3241	3141	10000
3242	3142	10000
3243	3143	10000
3244	3144	10000
3245	3145	10000
3246	3146	10000

# id	ani1	ani2	ani3
#
[ANIMATION_SETS]
