0 0 0 2048 2048 4 0 
1 0 0 1024 1024 4 0 
11 0 0 512 512 4 0 
111 0 0 256 256 4 0 
1111 0 0 128 128 0 5 1 2 6 8 21 
1112 128 0 256 128 0 7 1 3 4 8 21 22 23 
1113 0 128 128 256 0 5 6 7 10 11 24 
1114 128 128 256 256 4 0 
11141 128 128 320 320 4 0 
111411 128 128 352 352 4 0 
1114111 128 128 368 368 4 0 
11141111 128 128 376 376 4 0 
111411111 128 128 380 380 4 0 
1114111111 128 128 382 382 4 0 
11141111111 128 128 383 383 0 7 7 10 12 13 24 25 26 
11141111112 383 128 638 383 0 1 10 
11141111113 128 383 383 638 0 0 
11141111114 383 383 638 638 0 0 
1114111112 382 128 636 382 0 1 10 
1114111113 128 382 382 636 0 0 
1114111114 382 382 636 636 0 0 
111411112 380 128 632 380 0 1 10 
111411113 128 380 380 632 0 0 
111411114 380 380 632 632 0 0 
11141112 376 128 624 376 0 1 10 
11141113 128 376 376 624 0 0 
11141114 376 376 624 624 0 0 
1114112 368 128 608 368 0 1 10 
1114113 128 368 368 608 0 0 
1114114 368 368 608 608 0 0 
111412 352 128 576 352 0 1 10 
111413 128 352 352 576 0 0 
111414 352 352 576 576 0 0 
11142 320 128 512 320 0 1 10 
11143 128 320 320 512 0 0 
11144 320 320 512 512 0 0 
112 256 0 512 256 4 0 
1121 256 0 640 128 0 7 1 5 8 9 16 23 30 
1122 640 0 1024 128 0 0 
1123 256 128 640 256 4 0 
11231 256 128 704 320 4 0 
112311 256 128 736 352 4 0 
1123111 256 128 752 368 4 0 
11231111 256 128 760 376 4 0 
112311111 256 128 764 380 4 0 
1123111111 256 128 766 382 4 0 
11231111111 256 128 767 383 0 9 9 10 14 15 16 26 27 28 31 
11231111112 767 128 1278 383 0 0 
11231111113 256 383 767 638 0 1 16 
11231111114 767 383 1278 638 0 0 
1123111112 766 128 1276 382 0 0 
1123111113 256 382 766 636 0 1 16 
1123111114 766 382 1276 636 0 0 
112311112 764 128 1272 380 0 0 
112311113 256 380 764 632 0 1 16 
112311114 764 380 1272 632 0 0 
11231112 760 128 1264 376 0 0 
11231113 256 376 760 624 0 1 16 
11231114 760 376 1264 624 0 0 
1123112 752 128 1248 368 0 0 
1123113 256 368 752 608 0 1 16 
1123114 752 368 1248 608 0 0 
112312 736 128 1216 352 0 0 
112313 256 352 736 576 0 1 16 
112314 736 352 1216 576 0 0 
11232 704 128 1152 320 0 0 
11233 256 320 704 512 0 1 16 
11234 704 320 1152 512 0 0 
1124 640 128 1024 256 0 0 
113 0 256 256 512 4 0 
1131 0 256 128 640 0 4 6 17 18 19 
1132 128 256 256 640 4 0 
11321 128 256 320 704 4 0 
113211 128 256 352 736 4 0 
1132111 128 256 368 752 4 0 
11321111 128 256 376 760 4 0 
113211111 128 256 380 764 4 0 
1132111111 128 256 382 766 4 0 
11321111111 128 256 383 767 0 2 18 19 
11321111112 383 256 638 767 0 0 
11321111113 128 767 383 1278 0 0 
11321111114 383 767 638 1278 0 0 
1132111112 382 256 636 766 0 0 
1132111113 128 766 382 1276 0 0 
1132111114 382 766 636 1276 0 0 
113211112 380 256 632 764 0 0 
113211113 128 764 380 1272 0 0 
113211114 380 764 632 1272 0 0 
11321112 376 256 624 760 0 0 
11321113 128 760 376 1264 0 0 
11321114 376 760 624 1264 0 0 
1132112 368 256 608 752 0 0 
1132113 128 752 368 1248 0 0 
1132114 368 752 608 1248 0 0 
113212 352 256 576 736 0 1 19 
113213 128 736 352 1216 0 0 
113214 352 736 576 1216 0 0 
11322 320 256 512 704 4 0 
113221 320 256 736 736 4 0 
1132211 320 256 848 752 4 0 
11322111 320 256 904 760 4 0 
113221111 320 256 932 764 4 0 
1132211111 320 256 946 766 4 0 
11322111111 320 256 953 767 0 2 18 19 
11322111112 953 256 1586 767 0 0 
11322111113 320 767 953 1278 0 0 
11322111114 953 767 1586 1278 0 0 
1132211112 946 256 1572 766 0 0 
1132211113 320 766 946 1276 0 0 
1132211114 946 766 1572 1276 0 0 
113221112 932 256 1544 764 0 0 
113221113 320 764 932 1272 0 0 
113221114 932 764 1544 1272 0 0 
11322112 904 256 1488 760 0 0 
11322113 320 760 904 1264 0 0 
11322114 904 760 1488 1264 0 0 
1132212 848 256 1376 752 0 0 
1132213 320 752 848 1248 0 0 
1132214 848 752 1376 1248 0 0 
113222 736 256 1152 736 0 0 
113223 320 736 736 1216 0 0 
113224 736 736 1152 1216 0 0 
11323 128 704 320 1152 0 0 
11324 320 704 512 1152 0 0 
1133 0 640 128 1024 0 0 
1134 128 640 256 1024 0 0 
114 256 256 512 512 4 0 
1141 256 256 640 640 4 0 
11411 256 256 704 704 4 0 
114111 256 256 736 736 4 0 
1141111 256 256 752 752 4 0 
11411111 256 256 760 760 4 0 
114111111 256 256 764 764 4 0 
1141111111 256 256 766 766 4 0 
11411111111 256 256 767 767 0 4 16 18 19 20 
11411111112 767 256 1278 767 0 0 
11411111113 256 767 767 1278 0 0 
11411111114 767 767 1278 1278 0 0 
1141111112 766 256 1276 766 0 0 
1141111113 256 766 766 1276 0 0 
1141111114 766 766 1276 1276 0 0 
114111112 764 256 1272 764 0 0 
114111113 256 764 764 1272 0 0 
114111114 764 764 1272 1272 0 0 
11411112 760 256 1264 760 0 0 
11411113 256 760 760 1264 0 0 
11411114 760 760 1264 1264 0 0 
1141112 752 256 1248 752 0 0 
1141113 256 752 752 1248 0 0 
1141114 752 752 1248 1248 0 0 
114112 736 256 1216 736 0 0 
114113 256 736 736 1216 0 0 
114114 736 736 1216 1216 0 0 
11412 704 256 1152 704 0 0 
11413 256 704 704 1152 0 0 
11414 704 704 1152 1152 0 0 
1142 640 256 1024 640 0 0 
1143 256 640 640 1024 0 0 
1144 640 640 1024 1024 0 0 
12 512 0 1024 512 0 0 
13 0 512 512 1024 0 0 
14 512 512 1024 1024 0 0 
2 1024 0 2048 1024 0 0 
3 0 1024 1024 2048 0 0 
4 1024 1024 2048 2048 0 0 
