# id	file_path	transparent_color_r	g	b
[TEXTURES]
1	Resources\sprites\worm_76_44.png		255	255	255
2	Resources\sprites\jumper_68_104.png		255	255	255
3	Resources\sprites\teleporter_104_136.png	255	255	255
4	Resources\sprites\cannon_109_108.png		255	255	255
5	Resources\sprites\dome_76_72.png		255	255	255
6	Resources\sprites\eye_76_76.png			255	255	255
7	Resources\sprites\mine_64_40.png		255	255	255
8	Resources\sprites\floater2_76_68.png		255	255	255
9	Resources\sprites\insect_78_78.png		255	255	255
10	Resources\sprites\orb_76_76.png			255	255	255
11	Resources\sprites\orb2_72_72.png		255	255	255
12	Resources\sprites\Jason_SideView.png		255	255	255
13	Resources\sprites\Jason_Overhead.png		255	255	255
14	Resources\sprites\Sophia.png			255	255	255
15	Resources\sprites\enemies.png	254	255	255
# next sprite: 10155

[SPRITES]
# id format: 10xxx
#1 WORM
Resources\Enemies\worm_sprites.txt

#2 JUMPER
Resources\Enemies\jumper_sprites.txt

#3 TELEPORTER
Resources\Enemies\teleporter_sprites.txt

#4 CANNON
Resources\Enemies\cannon_sprites.txt

#5 DOME
Resources\Enemies\dome_sprites.txt

#6 EYE
Resources\Enemies\eye_sprites.txt

#7 MINE
Resources\Enemies\mine_sprites.txt

#8 FLOATER
Resources\Enemies\floater_sprites.txt

#9 INSECT
Resources\Enemies\insect_sprites.txt

#10+11 ORB
Resources\Enemies\orb_sprites.txt

#12 SOPHIA
Resources\Enemies\sophia_sprites.txt

[ANIMATIONS]
# id format: 5XX
#1 ==== WORM =========
Resources\Enemies\worm_ani.txt

#2 ==== JUMPER =========
Resources\Enemies\jumper_ani.txt

#3 ==== TELPORTER =========
Resources\Enemies\teleporter_ani.txt

#4 ==== CANNON =========
Resources\Enemies\cannon_ani.txt

#5 ==== DOME =========
Resources\Enemies\dome_ani.txt

#6 ==== EYE =========
Resources\Enemies\eye_ani.txt

#7 ==== MINE =========
Resources\Enemies\mine_ani.txt

#8 ==== FLOATER =========
Resources\Enemies\floater_ani.txt

#9 ==== INSECT =========
Resources\Enemies\insect_ani.txt

#10+11 ==== ORB =========
Resources\Enemies\orb_ani.txt

#12 ==== SOPHIA =========
Resources\Enemies\sophia_ani.txt
[OBJECTS]
# type	x	y	ani_set_id1	ani_set_id2...

# WORM
1	150	2850	1
#1	210	2850	1

# JUMPER
2	18	88	2

# TELEPORTER
3	700	500	3

# CANNON
4	700	100	4

# DOME
5	700	200	5

# EYE
6	520	450	6

# MINE
7	600	200	7

# FLOATER
8	500	50	8

# INSECT
#9	100	2955	9

# ORB
10	700	300	10
10	500	300	11

# SOPHIA
12	56	2940	12	13	14	15

[ENVIRONMENTS]
# type	x	y	width	height	portaldirid	sectionToEnter
# section A
1	0	2976	320	16
1	384	2976	128	16
1	576	2976	128	16
1	768	2976	256	16
1	0	2832	1024	16
1	0	2848	32	128
1	0	3040	1024	16
1	48	2848	32	32
1	112	2848	32	48
1	176	2848	32	32
1	240	2848	32	80
1	304	2848	32	48
1	368	2848	32	32
1	432	2848	32	32
1	496	2848	32	48
1	560	2848	32	32
1	624	2848	32	80
1	688	2848	32	32
1	752	2848	32	32
1	816	2848	32	48
1	880	2848	32	80
1	272	2992	16	48
1	400	2992	80	48
1	592	2992	80	48
1	784	2992	16	48
1	944	2848	80	96
2	288	3024	112	16
2	480	3024	112	16
2	672	3024	112	16
3	960	2944	16	32	1	1
# section B
1	1056	3040	448	16
1	1056	2976	128	32
1	1024	1824	32	1136
1	1024	2976	32	80
1	1056	2912	64	32
1	1504	1824	32	1232
1	1248	2976	256	32
1	1344	2880	32	80
1	1440	2912	64	32
1	1120	2848	320	32
1	1056	2784	80	32
1	1136	2784	48	16
1	1168	2800	16	16
1	1280	2752	32	80
1	1440	2784	64	32
1	1184	2720	256	32
1	1056	2656	192	32
1	1344	2624	32	80
1	1440	2656	64	32
1	1120	2592	64	32
1	1248	2592	192	32
1	1056	2528	64	32
1	1280	2496	32	80
1	1440	2528	64	32
1	1120	2464	320	32
1	1440	2400	64	32
1	1056	2336	192	32
1	1312	2336	128	32
1	1056	2272	64	32
1	1120	2208	256	32
1	1376	2144	64	32
1	1056	2080	320	32
1	1120	2032	16	16
1	1168	2032	32	16
1	1232	2032	32	16
1	1296	2032	32	16
1	1120	2016	384	16
1	1360	2032	144	16
1	1056	1952	128	32
1	1280	1920	32	80
1	1056	1824	448	16
1	1056	1840	80	16
1	1168	1840	32	16
1	1232	1840	32	16
1	1296	1840	208	16
1	1472	1920	32	16
1	1056	2944	32	16
1	1120	1888	256	32
1	1376	1952	128	32
1	1440	1888	64	32
2	1136	2800	32	16
2	1136	2032	32	16
2	1200	2032	32	16
2	1264	2032	32	16
2	1328	2032	32	16
2	1136	1840	32	16
2	1200	1840	32	16
2	1264	1840	32	16
3	1072	2960	16	16	0	0
3	1472	1936	16	16	1	2
# section C
1	1536	1840	32	144
1	1568	1840	448	32
1	1568	1872	16	32
1	1632	1872	16	32
1	1696	1872	16	32
1	1760	1872	16	32
1	1824	1872	16	32
1	1888	1872	16	32
1	1952	1872	16	32
1	1568	1920	32	16
1	1568	1952	448	32
1	2016	1840	32	144
1	1984	1920	32	16
3	1584	1936	16	16	0	1
3	1984	1936	16	16	1	3
# section D
1	2048	1056	32	976
1	2080	2016	448	16
1	2080	1056	448	32
1	2080	1952	128	32
1	2272	1952	128	32
1	2464	1952	64	32
1	2080	1904	64	16
1	2080	1888	16	16
1	2128	1888	16	16
1	2208	1888	64	32
1	2336	1888	192	32
1	2144	1840	192	16
1	2144	1824	80	16
1	2256	1824	80	16
1	2400	1824	64	32
1	2080	1776	128	16
1	2080	1760	16	16
1	2128	1760	80	16
1	2272	1776	128	16
1	2272	1760	16	16
1	2320	1760	80	16
1	2144	1696	128	32
1	2336	1712	128	16
1	2336	1696	16	16
1	2384	1696	80	16
1	2080	1632	256	32
1	2400	1632	64	32
1	2080	1568	64	32
1	2208	1584	192	16
1	2208	1568	16	16
1	2256	1568	144	16
1	2144	1504	64	32
1	2272	1504	192	32
1	2080	1440	64	32
1	2208	1440	64	32
1	2336	1456	64	16
1	2336	1440	16	16
1	2384	1440	16	16
1	2144	1392	64	16
1	2144	1376	16	16
1	2192	1376	16	16
1	2272	1376	64	32
1	2080	1312	64	32
1	2208	1328	64	16
1	2208	1312	16	16
1	2080	1920	32	16
1	2256	1312	16	16
1	2080	1152	32	16
1	2496	1920	32	16
1	2144	1264	64	16
1	2144	1248	16	16
1	2192	1248	16	16
1	2080	1184	64	32
1	2080	1120	64	32
1	2400	1120	64	32
1	2528	1056	32	976
3	2096	1936	16	16	0	2
3	2496	1936	16	16	1	4
3	2096	1168	16	16	0	5
5	2096	1890	32	14
5	2224	1826	32	14
5	2096	1762	32	14
5	2288	1762	32	14
5	2352	1698	32	14
5	2224	1570	32	14
5	2352	1442	32	14
5	2160	1378	32	14
5	2224	1318	32	14
5	2160	1250	32	14
# section E
1	2560	1840	32	144
1	2592	1920	32	16
1	2592	1952	448	32
1	2592	1840	448	32
1	2592	1872	16	32
1	2656	1872	16	32
1	2720	1872	16	32
1	2784	1872	16	32
1	2848	1872	16	32
1	2912	1872	16	32
1	2976	1872	16	32
1	3008	1920	32	16
1	3040	1840	32	144
3	2608	1936	16	16	0	3
# section F
1	1536	48	32	1744
1	1568	1760	448	32
1	1568	1696	128	32
1	1568	1632	64	32
1	1696	1632	256	32
1	1952	1696	64	32
1	1696	1536	32	80
1	1760	1568	64	32
1	1568	1504	192	32
1	1824	1504	192	32
1	1568	1440	64	32
1	1824	1408	32	96
1	1952	1440	64	32
1	1632	1376	64	32
1	1696	1392	256	16
1	1760	1376	192	16
1	1952	1312	64	32
1	1568	1248	192	32
1	1760	1264	64	16
1	1824	1248	128	32
1	1568	1184	128	32
1	1888	1184	128	32
1	1568	1120	64	32
1	1632	1120	32	48
1	1568	1056	128	32
1	1696	1024	32	80
1	1696	1120	192	32
1	1952	1120	64	32
1	1824	1056	64	32
1	1632	992	192	32
1	1888	992	128	32
1	1568	928	64	32
1	1696	896	32	80
1	1952	928	64	32
1	1568	864	256	32
1	1824	880	64	16
1	1888	864	64	32
1	1568	800	64	32
1	1632	736	64	32
1	1696	752	64	16
1	1760	736	64	32
1	1824	672	192	32
1	1568	608	256	32
1	1952	608	64	32
1	1632	544	64	32
1	1568	480	64	32
1	1696	480	64	32
1	1760	496	64	16
1	1824	480	192	32
1	1888	416	64	32
1	1568	352	64	32
1	1696	352	192	32
1	1632	368	64	16
1	1984	1152	32	16
1	1952	352	64	32
1	1760	288	64	32
1	1824	224	128	32
1	1600	160	32	32
1	1568	160	16	32
1	1760	160	64	32
1	1952	160	64	32
1	1952	96	64	32
1	1568	48	448	16
1	2016	48	32	1744
3	1984	1168	16	16	1	3
5	1696	1378	64	14
5	1760	1250	64	14
5	1824	866	64	14
5	1696	738	64	14
5	1760	482	64	14
5	1632	354	64	14